11
19127014
20010115
Dam Hai Dang
2001 1 15
1
-1
-1
-1
-1
2020 4 13 7 30 11 30 -1
2020 4 20 7 30 11 30 -1
2020 4 27 7 30 11 30 -1
2020 5 4 7 30 11 30 -1
2020 5 11 7 30 11 30 -1
2020 5 18 7 30 11 30 -1
2020 5 25 7 30 11 30 -1
2020 6 1 7 30 11 30 -1
2020 6 8 7 30 11 30 -1
2020 6 15 7 30 11 30 -1
1

19127121
20010722
Hoang Minh Duc
2001 7 22
1
-1
-1
-1
-1
2020 4 13 7 30 11 30 -1
2020 4 20 7 30 11 30 -1
2020 4 27 7 30 11 30 -1
2020 5 4 7 30 11 30 -1
2020 5 11 7 30 11 30 -1
2020 5 18 7 30 11 30 -1
2020 5 25 7 30 11 30 -1
2020 6 1 7 30 11 30 -1
2020 6 8 7 30 11 30 -1
2020 6 15 7 30 11 30 -1
1

19127141
20010118
Phan Minh Hieu
2001 1 18
1
-1
-1
-1
-1
2020 4 13 7 30 11 30 -1
2020 4 20 7 30 11 30 -1
2020 4 27 7 30 11 30 -1
2020 5 4 7 30 11 30 -1
2020 5 11 7 30 11 30 -1
2020 5 18 7 30 11 30 -1
2020 5 25 7 30 11 30 -1
2020 6 1 7 30 11 30 -1
2020 6 8 7 30 11 30 -1
2020 6 15 7 30 11 30 -1
1

19127150
20010621
Nguyen Hua Hung
2001 6 21
1
-1
-1
-1
-1
2020 4 13 7 30 11 30 -1
2020 4 20 7 30 11 30 -1
2020 4 27 7 30 11 30 -1
2020 5 4 7 30 11 30 -1
2020 5 11 7 30 11 30 -1
2020 5 18 7 30 11 30 -1
2020 5 25 7 30 11 30 -1
2020 6 1 7 30 11 30 -1
2020 6 8 7 30 11 30 -1
2020 6 15 7 30 11 30 -1
1

19127157
20011120
Le Minh Huy
2001 11 20
1
-1
-1
-1
-1
2020 4 13 7 30 11 30 -1
2020 4 20 7 30 11 30 -1
2020 4 27 7 30 11 30 -1
2020 5 4 7 30 11 30 -1
2020 5 11 7 30 11 30 -1
2020 5 18 7 30 11 30 -1
2020 5 25 7 30 11 30 -1
2020 6 1 7 30 11 30 -1
2020 6 8 7 30 11 30 -1
2020 6 15 7 30 11 30 -1
1

19127181
20010707
Bach Minh Khoi
2001 7 7
1
-1
-1
-1
-1
2020 4 13 7 30 11 30 -1
2020 4 20 7 30 11 30 -1
2020 4 27 7 30 11 30 -1
2020 5 4 7 30 11 30 -1
2020 5 11 7 30 11 30 -1
2020 5 18 7 30 11 30 -1
2020 5 25 7 30 11 30 -1
2020 6 1 7 30 11 30 -1
2020 6 8 7 30 11 30 -1
2020 6 15 7 30 11 30 -1
1

19127329
20010919
Le Hoang Anh
2001 9 19
1
-1
-1
-1
-1
2020 4 13 7 30 11 30 -1
2020 4 20 7 30 11 30 -1
2020 4 27 7 30 11 30 -1
2020 5 4 7 30 11 30 -1
2020 5 11 7 30 11 30 -1
2020 5 18 7 30 11 30 -1
2020 5 25 7 30 11 30 -1
2020 6 1 7 30 11 30 -1
2020 6 8 7 30 11 30 -1
2020 6 15 7 30 11 30 -1
1

19127340
20010916
Tran Le Quoc Bao
2001 9 16
1
-1
-1
-1
-1
2020 4 13 7 30 11 30 -1
2020 4 20 7 30 11 30 -1
2020 4 27 7 30 11 30 -1
2020 5 4 7 30 11 30 -1
2020 5 11 7 30 11 30 -1
2020 5 18 7 30 11 30 -1
2020 5 25 7 30 11 30 -1
2020 6 1 7 30 11 30 -1
2020 6 8 7 30 11 30 -1
2020 6 15 7 30 11 30 -1
1

19127345
20010624
Lam Quoc Cuong
2001 6 24
1
-1
-1
-1
-1
2020 4 13 7 30 11 30 -1
2020 4 20 7 30 11 30 -1
2020 4 27 7 30 11 30 -1
2020 5 4 7 30 11 30 -1
2020 5 11 7 30 11 30 -1
2020 5 18 7 30 11 30 -1
2020 5 25 7 30 11 30 -1
2020 6 1 7 30 11 30 -1
2020 6 8 7 30 11 30 -1
2020 6 15 7 30 11 30 -1
1

19127346
20010216
Nguyen Nhat Cuong
2001 2 16
1
-1
-1
-1
-1
2020 4 13 7 30 11 30 -1
2020 4 20 7 30 11 30 -1
2020 4 27 7 30 11 30 -1
2020 5 4 7 30 11 30 -1
2020 5 11 7 30 11 30 -1
2020 5 18 7 30 11 30 -1
2020 5 25 7 30 11 30 -1
2020 6 1 7 30 11 30 -1
2020 6 8 7 30 11 30 -1
2020 6 15 7 30 11 30 -1
1

19127354
20010202
Le Thanh Dat
2001 2 2
1
-1
-1
-1
-1
2020 4 13 7 30 11 30 -1
2020 4 20 7 30 11 30 -1
2020 4 27 7 30 11 30 -1
2020 5 4 7 30 11 30 -1
2020 5 11 7 30 11 30 -1
2020 5 18 7 30 11 30 -1
2020 5 25 7 30 11 30 -1
2020 6 1 7 30 11 30 -1
2020 6 8 7 30 11 30 -1
2020 6 15 7 30 11 30 -1
1

