10
19127012
20010806
Vu Nguyen Thai Binh
2001 8 6
1
-1
-1
-1
-1
2020 4 15 13 30 17 30 -1
2020 4 22 13 30 17 30 -1
2020 4 29 13 30 17 30 -1
2020 5 6 13 30 17 30 -1
2020 5 13 13 30 17 30 -1
2020 5 20 13 30 17 30 -1
2020 5 27 13 30 17 30 -1
2020 6 3 13 30 17 30 -1
2020 6 10 13 30 17 30 -1
2020 6 17 13 30 17 30 -1
1


19127039
20010807
Tran Hoang Kim
2001 8 7
1
-1
-1
-1
-1
2020 4 15 13 30 17 30 -1
2020 4 22 13 30 17 30 -1
2020 4 29 13 30 17 30 -1
2020 5 6 13 30 17 30 -1
2020 5 13 13 30 17 30 -1
2020 5 20 13 30 17 30 -1
2020 5 27 13 30 17 30 -1
2020 6 3 13 30 17 30 -1
2020 6 10 13 30 17 30 -1
2020 6 17 13 30 17 30 -1
1


19127049
20010808
Doan Huong Ngan
2001 8 8
1
-1
-1
-1
-1
2020 4 15 13 30 17 30 -1
2020 4 22 13 30 17 30 -1
2020 4 29 13 30 17 30 -1
2020 5 6 13 30 17 30 -1
2020 5 13 13 30 17 30 -1
2020 5 20 13 30 17 30 -1
2020 5 27 13 30 17 30 -1
2020 6 3 13 30 17 30 -1
2020 6 10 13 30 17 30 -1
2020 6 17 13 30 17 30 -1
1


19127118
20010809
Ta Cong Dien
2001 8 9
1
-1
-1
-1
-1
2020 4 15 13 30 17 30 -1
2020 4 22 13 30 17 30 -1
2020 4 29 13 30 17 30 -1
2020 5 6 13 30 17 30 -1
2020 5 13 13 30 17 30 -1
2020 5 20 13 30 17 30 -1
2020 5 27 13 30 17 30 -1
2020 6 3 13 30 17 30 -1
2020 6 10 13 30 17 30 -1
2020 6 17 13 30 17 30 -1
1


19127186
20010810
Le Thanh Khoi
2001 8 10
1
-1
-1
-1
-1
2020 4 15 13 30 17 30 -1
2020 4 22 13 30 17 30 -1
2020 4 29 13 30 17 30 -1
2020 5 6 13 30 17 30 -1
2020 5 13 13 30 17 30 -1
2020 5 20 13 30 17 30 -1
2020 5 27 13 30 17 30 -1
2020 6 3 13 30 17 30 -1
2020 6 10 13 30 17 30 -1
2020 6 17 13 30 17 30 -1
1


19127206
20010107
Trinh Quoc Huy Long
2001 1 7
1
-1
-1
-1
-1
2020 4 15 13 30 17 30 -1
2020 4 22 13 30 17 30 -1
2020 4 29 13 30 17 30 -1
2020 5 6 13 30 17 30 -1
2020 5 13 13 30 17 30 -1
2020 5 20 13 30 17 30 -1
2020 5 27 13 30 17 30 -1
2020 6 3 13 30 17 30 -1
2020 6 10 13 30 17 30 -1
2020 6 17 13 30 17 30 -1
1


19127226
20010108
Hoang Van Nguyen
2001 1 8
1
-1
-1
-1
-1
2020 4 15 13 30 17 30 -1
2020 4 22 13 30 17 30 -1
2020 4 29 13 30 17 30 -1
2020 5 6 13 30 17 30 -1
2020 5 13 13 30 17 30 -1
2020 5 20 13 30 17 30 -1
2020 5 27 13 30 17 30 -1
2020 6 3 13 30 17 30 -1
2020 6 10 13 30 17 30 -1
2020 6 17 13 30 17 30 -1
1


19127251
20010109
Tran Anh Quan
2001 1 9
1
-1
-1
-1
-1
2020 4 15 13 30 17 30 -1
2020 4 22 13 30 17 30 -1
2020 4 29 13 30 17 30 -1
2020 5 6 13 30 17 30 -1
2020 5 13 13 30 17 30 -1
2020 5 20 13 30 17 30 -1
2020 5 27 13 30 17 30 -1
2020 6 3 13 30 17 30 -1
2020 6 10 13 30 17 30 -1
2020 6 17 13 30 17 30 -1
1


19127263
20010711
Nguyen Hoang Son
2001 7 11
1
-1
-1
-1
-1
2020 4 15 13 30 17 30 -1
2020 4 22 13 30 17 30 -1
2020 4 29 13 30 17 30 -1
2020 5 6 13 30 17 30 -1
2020 5 13 13 30 17 30 -1
2020 5 20 13 30 17 30 -1
2020 5 27 13 30 17 30 -1
2020 6 3 13 30 17 30 -1
2020 6 10 13 30 17 30 -1
2020 6 17 13 30 17 30 -1
1


19127273
20011011
Huynh Thi My Thanh
2001 10 11
1
-1
-1
-1
-1
2020 4 15 13 30 17 30 -1
2020 4 22 13 30 17 30 -1
2020 4 29 13 30 17 30 -1
2020 5 6 13 30 17 30 -1
2020 5 13 13 30 17 30 -1
2020 5 20 13 30 17 30 -1
2020 5 27 13 30 17 30 -1
2020 6 3 13 30 17 30 -1
2020 6 10 13 30 17 30 -1
2020 6 17 13 30 17 30 -1
1


