12
19127003
20010826
Nguyen Huu Dat
2001 8 26
1
-1
-1
-1
-1
2020 4 13 7 30 11 30 -1
2020 4 20 7 30 11 30 -1
2020 4 27 7 30 11 30 -1
2020 5 4 7 30 11 30 -1
2020 5 11 7 30 11 30 -1
2020 5 18 7 30 11 30 -1
2020 5 25 7 30 11 30 -1
2020 6 1 7 30 11 30 -1
2020 6 8 7 30 11 30 -1
2020 6 15 7 30 11 30 -1
1

19127041
20010916
Le Thi Phuong Linh
2001 9 16
1
-1
-1
-1
-1
2020 4 13 7 30 11 30 -1
2020 4 20 7 30 11 30 -1
2020 4 27 7 30 11 30 -1
2020 5 4 7 30 11 30 -1
2020 5 11 7 30 11 30 -1
2020 5 18 7 30 11 30 -1
2020 5 25 7 30 11 30 -1
2020 6 1 7 30 11 30 -1
2020 6 8 7 30 11 30 -1
2020 6 15 7 30 11 30 -1
1

19127084
20010228
Pham Anh Tuan
2001 2 28
1
-1
-1
-1
-1
2020 4 13 7 30 11 30 -1
2020 4 20 7 30 11 30 -1
2020 4 27 7 30 11 30 -1
2020 5 4 7 30 11 30 -1
2020 5 11 7 30 11 30 -1
2020 5 18 7 30 11 30 -1
2020 5 25 7 30 11 30 -1
2020 6 1 7 30 11 30 -1
2020 6 8 7 30 11 30 -1
2020 6 15 7 30 11 30 -1
1

19127173
20010404
Hoang Le Khanh
2001 4 4
1
-1
-1
-1
-1
2020 4 13 7 30 11 30 -1
2020 4 20 7 30 11 30 -1
2020 4 27 7 30 11 30 -1
2020 5 4 7 30 11 30 -1
2020 5 11 7 30 11 30 -1
2020 5 18 7 30 11 30 -1
2020 5 25 7 30 11 30 -1
2020 6 1 7 30 11 30 -1
2020 6 8 7 30 11 30 -1
2020 6 15 7 30 11 30 -1
1

19127216
20011229
Dang Hoan My
2001 12 29
1
-1
-1
-1
-1
2020 4 13 7 30 11 30 -1
2020 4 20 7 30 11 30 -1
2020 4 27 7 30 11 30 -1
2020 5 4 7 30 11 30 -1
2020 5 11 7 30 11 30 -1
2020 5 18 7 30 11 30 -1
2020 5 25 7 30 11 30 -1
2020 6 1 7 30 11 30 -1
2020 6 8 7 30 11 30 -1
2020 6 15 7 30 11 30 -1
1

19127231
20010501
Cao Quang Nhat
2001 5 1
1
-1
-1
-1
-1
2020 4 13 7 30 11 30 -1
2020 4 20 7 30 11 30 -1
2020 4 27 7 30 11 30 -1
2020 5 4 7 30 11 30 -1
2020 5 11 7 30 11 30 -1
2020 5 18 7 30 11 30 -1
2020 5 25 7 30 11 30 -1
2020 6 1 7 30 11 30 -1
2020 6 8 7 30 11 30 -1
2020 6 15 7 30 11 30 -1
1

19127237
20011119
Truong Minh Nhut
2001 11 19
1
-1
-1
-1
-1
2020 4 13 7 30 11 30 -1
2020 4 20 7 30 11 30 -1
2020 4 27 7 30 11 30 -1
2020 5 4 7 30 11 30 -1
2020 5 11 7 30 11 30 -1
2020 5 18 7 30 11 30 -1
2020 5 25 7 30 11 30 -1
2020 6 1 7 30 11 30 -1
2020 6 8 7 30 11 30 -1
2020 6 15 7 30 11 30 -1
1

19127246
20010808
Tran Van Quy Phuoc
2001 8 8
1
-1
-1
-1
-1
2020 4 13 7 30 11 30 -1
2020 4 20 7 30 11 30 -1
2020 4 27 7 30 11 30 -1
2020 5 4 7 30 11 30 -1
2020 5 11 7 30 11 30 -1
2020 5 18 7 30 11 30 -1
2020 5 25 7 30 11 30 -1
2020 6 1 7 30 11 30 -1
2020 6 8 7 30 11 30 -1
2020 6 15 7 30 11 30 -1
1

19127250
20011114
Pham Hong Quan
2001 11 14
1
-1
-1
-1
-1
2020 4 13 7 30 11 30 -1
2020 4 20 7 30 11 30 -1
2020 4 27 7 30 11 30 -1
2020 5 4 7 30 11 30 -1
2020 5 11 7 30 11 30 -1
2020 5 18 7 30 11 30 -1
2020 5 25 7 30 11 30 -1
2020 6 1 7 30 11 30 -1
2020 6 8 7 30 11 30 -1
2020 6 15 7 30 11 30 -1
1

19127287
20010121
Nguyen Hoai Thuong
2001 1 21
1
-1
-1
-1
-1
2020 4 13 7 30 11 30 -1
2020 4 20 7 30 11 30 -1
2020 4 27 7 30 11 30 -1
2020 5 4 7 30 11 30 -1
2020 5 11 7 30 11 30 -1
2020 5 18 7 30 11 30 -1
2020 5 25 7 30 11 30 -1
2020 6 1 7 30 11 30 -1
2020 6 8 7 30 11 30 -1
2020 6 15 7 30 11 30 -1
1

19127292
19990312
Nguyen Thanh Tinh
1999 3 12
1
-1
-1
-1
-1
2020 4 13 7 30 11 30 -1
2020 4 20 7 30 11 30 -1
2020 4 27 7 30 11 30 -1
2020 5 4 7 30 11 30 -1
2020 5 11 7 30 11 30 -1
2020 5 18 7 30 11 30 -1
2020 5 25 7 30 11 30 -1
2020 6 1 7 30 11 30 -1
2020 6 8 7 30 11 30 -1
2020 6 15 7 30 11 30 -1
1

19127295
20010507
Tran The Toan
2001 5 7
1
-1
-1
-1
-1
2020 4 13 7 30 11 30 -1
2020 4 20 7 30 11 30 -1
2020 4 27 7 30 11 30 -1
2020 5 4 7 30 11 30 -1
2020 5 11 7 30 11 30 -1
2020 5 18 7 30 11 30 -1
2020 5 25 7 30 11 30 -1
2020 6 1 7 30 11 30 -1
2020 6 8 7 30 11 30 -1
2020 6 15 7 30 11 30 -1
1

