10
19127419
20011119
Hoang Minh Huy
2001 11 19
1
-1
-1
-1
-1
2020 4 15 7 30 11 30 -1
2020 4 22 7 30 11 30 -1
2020 4 29 7 30 11 30 -1
2020 5 6 7 30 11 30 -1
2020 5 13 7 30 11 30 -1
2020 5 20 7 30 11 30 -1
2020 5 27 7 30 11 30 -1
2020 6 3 7 30 11 30 -1
2020 6 10 7 30 11 30 -1
2020 6 17 7 30 11 30 -1
1

19127485
20010323
Le Thanh Ngoc
2001 3 23
1
-1
-1
-1
-1
2020 4 15 7 30 11 30 -1
2020 4 22 7 30 11 30 -1
2020 4 29 7 30 11 30 -1
2020 5 6 7 30 11 30 -1
2020 5 13 7 30 11 30 -1
2020 5 20 7 30 11 30 -1
2020 5 27 7 30 11 30 -1
2020 6 3 7 30 11 30 -1
2020 6 10 7 30 11 30 -1
2020 6 17 7 30 11 30 -1
1

19127501
20010324
Tran Pham Minh Nhut
2001 3 24
1
-1
-1
-1
-1
2020 4 15 7 30 11 30 -1
2020 4 22 7 30 11 30 -1
2020 4 29 7 30 11 30 -1
2020 5 6 7 30 11 30 -1
2020 5 13 7 30 11 30 -1
2020 5 20 7 30 11 30 -1
2020 5 27 7 30 11 30 -1
2020 6 3 7 30 11 30 -1
2020 6 10 7 30 11 30 -1
2020 6 17 7 30 11 30 -1
1

19127504
20010326
Nguyen Xuan Phat
2001 3 26
1
-1
-1
-1
-1
2020 4 15 7 30 11 30 -1
2020 4 22 7 30 11 30 -1
2020 4 29 7 30 11 30 -1
2020 5 6 7 30 11 30 -1
2020 5 13 7 30 11 30 -1
2020 5 20 7 30 11 30 -1
2020 5 27 7 30 11 30 -1
2020 6 3 7 30 11 30 -1
2020 6 10 7 30 11 30 -1
2020 6 17 7 30 11 30 -1
1

19127520
20010717
Nguyen Truong Phuoc
2001 7 17
1
-1
-1
-1
-1
2020 4 15 7 30 11 30 -1
2020 4 22 7 30 11 30 -1
2020 4 29 7 30 11 30 -1
2020 5 6 7 30 11 30 -1
2020 5 13 7 30 11 30 -1
2020 5 20 7 30 11 30 -1
2020 5 27 7 30 11 30 -1
2020 6 3 7 30 11 30 -1
2020 6 10 7 30 11 30 -1
2020 6 17 7 30 11 30 -1
1

19127526
20011127
Pham Tien Quan
2001 11 27
1
-1
-1
-1
-1
2020 4 15 7 30 11 30 -1
2020 4 22 7 30 11 30 -1
2020 4 29 7 30 11 30 -1
2020 5 6 7 30 11 30 -1
2020 5 13 7 30 11 30 -1
2020 5 20 7 30 11 30 -1
2020 5 27 7 30 11 30 -1
2020 6 3 7 30 11 30 -1
2020 6 10 7 30 11 30 -1
2020 6 17 7 30 11 30 -1
1

19127532
20011209
Vo Van Chanh Quang
2001 12 9
1
-1
-1
-1
-1
2020 4 15 7 30 11 30 -1
2020 4 22 7 30 11 30 -1
2020 4 29 7 30 11 30 -1
2020 5 6 7 30 11 30 -1
2020 5 13 7 30 11 30 -1
2020 5 20 7 30 11 30 -1
2020 5 27 7 30 11 30 -1
2020 6 3 7 30 11 30 -1
2020 6 10 7 30 11 30 -1
2020 6 17 7 30 11 30 -1
1

19127542
20010223
Tran Thanh Son
2001 2 23
1
-1
-1
-1
-1
2020 4 15 7 30 11 30 -1
2020 4 22 7 30 11 30 -1
2020 4 29 7 30 11 30 -1
2020 5 6 7 30 11 30 -1
2020 5 13 7 30 11 30 -1
2020 5 20 7 30 11 30 -1
2020 5 27 7 30 11 30 -1
2020 6 3 7 30 11 30 -1
2020 6 10 7 30 11 30 -1
2020 6 17 7 30 11 30 -1
1

19127557
20010829
Dang Tu Thieu
2001 8 29
1
-1
-1
-1
-1
2020 4 15 7 30 11 30 -1
2020 4 22 7 30 11 30 -1
2020 4 29 7 30 11 30 -1
2020 5 6 7 30 11 30 -1
2020 5 13 7 30 11 30 -1
2020 5 20 7 30 11 30 -1
2020 5 27 7 30 11 30 -1
2020 6 3 7 30 11 30 -1
2020 6 10 7 30 11 30 -1
2020 6 17 7 30 11 30 -1
1

19127559
20010209
Luong Truong Thinh
2001 2 9
1
-1
-1
-1
-1
2020 4 15 7 30 11 30 -1
2020 4 22 7 30 11 30 -1
2020 4 29 7 30 11 30 -1
2020 5 6 7 30 11 30 -1
2020 5 13 7 30 11 30 -1
2020 5 20 7 30 11 30 -1
2020 5 27 7 30 11 30 -1
2020 6 3 7 30 11 30 -1
2020 6 10 7 30 11 30 -1
2020 6 17 7 30 11 30 -1
1

