13
19127005
19990215
Tran Phan Thanh Hai
1999 2 15
1
-1
-1
-1
-1
2020 4 18 7 30 11 30 -1
2020 4 25 7 30 11 30 -1
2020 5 2 7 30 11 30 -1
2020 5 9 7 30 11 30 -1
2020 5 16 7 30 11 30 -1
2020 5 23 7 30 11 30 -1
2020 5 30 7 30 11 30 -1
2020 6 6 7 30 11 30 -1
2020 6 13 7 30 11 30 -1
2020 6 20 7 30 11 30 -1
1

19127009
20010317
Lu Thr Vy
2001 3 17
1
-1
-1
-1
-1
2020 4 18 7 30 11 30 -1
2020 4 25 7 30 11 30 -1
2020 5 2 7 30 11 30 -1
2020 5 9 7 30 11 30 -1
2020 5 16 7 30 11 30 -1
2020 5 23 7 30 11 30 -1
2020 5 30 7 30 11 30 -1
2020 6 6 7 30 11 30 -1
2020 6 13 7 30 11 30 -1
2020 6 20 7 30 11 30 -1
1

19127010
20011111
Nguyen Minh An
2001 11 11
1
-1
-1
-1
-1
2020 4 18 7 30 11 30 -1
2020 4 25 7 30 11 30 -1
2020 5 2 7 30 11 30 -1
2020 5 9 7 30 11 30 -1
2020 5 16 7 30 11 30 -1
2020 5 23 7 30 11 30 -1
2020 5 30 7 30 11 30 -1
2020 6 6 7 30 11 30 -1
2020 6 13 7 30 11 30 -1
2020 6 20 7 30 11 30 -1
1

19127038
20011219
Pham Trong Vinh Khue
2001 12 19
1
-1
-1
-1
-1
2020 4 18 7 30 11 30 -1
2020 4 25 7 30 11 30 -1
2020 5 2 7 30 11 30 -1
2020 5 9 7 30 11 30 -1
2020 5 16 7 30 11 30 -1
2020 5 23 7 30 11 30 -1
2020 5 30 7 30 11 30 -1
2020 6 6 7 30 11 30 -1
2020 6 13 7 30 11 30 -1
2020 6 20 7 30 11 30 -1
1

19127044
20011225
Dang Le Minh
2001 12 25
1
-1
-1
-1
-1
2020 4 18 7 30 11 30 -1
2020 4 25 7 30 11 30 -1
2020 5 2 7 30 11 30 -1
2020 5 9 7 30 11 30 -1
2020 5 16 7 30 11 30 -1
2020 5 23 7 30 11 30 -1
2020 5 30 7 30 11 30 -1
2020 6 6 7 30 11 30 -1
2020 6 13 7 30 11 30 -1
2020 6 20 7 30 11 30 -1
1

19127054
20010427
Thai Duy Nguyen
2001 4 27
1
-1
-1
-1
-1
2020 4 18 7 30 11 30 -1
2020 4 25 7 30 11 30 -1
2020 5 2 7 30 11 30 -1
2020 5 9 7 30 11 30 -1
2020 5 16 7 30 11 30 -1
2020 5 23 7 30 11 30 -1
2020 5 30 7 30 11 30 -1
2020 6 6 7 30 11 30 -1
2020 6 13 7 30 11 30 -1
2020 6 20 7 30 11 30 -1
1

19127067
20010726
Hoang Nhu Thanh
2001 7 26
1
-1
-1
-1
-1
2020 4 18 7 30 11 30 -1
2020 4 25 7 30 11 30 -1
2020 5 2 7 30 11 30 -1
2020 5 9 7 30 11 30 -1
2020 5 16 7 30 11 30 -1
2020 5 23 7 30 11 30 -1
2020 5 30 7 30 11 30 -1
2020 6 6 7 30 11 30 -1
2020 6 13 7 30 11 30 -1
2020 6 20 7 30 11 30 -1
1

19127078
20010625
Nguyen Do Thanh Truc
2001 6 25
1
-1
-1
-1
-1
2020 4 18 7 30 11 30 -1
2020 4 25 7 30 11 30 -1
2020 5 2 7 30 11 30 -1
2020 5 9 7 30 11 30 -1
2020 5 16 7 30 11 30 -1
2020 5 23 7 30 11 30 -1
2020 5 30 7 30 11 30 -1
2020 6 6 7 30 11 30 -1
2020 6 13 7 30 11 30 -1
2020 6 20 7 30 11 30 -1
1

19127081
20010927
Tran Đai Hoang Trung
2001 9 27
1
-1
-1
-1
-1
2020 4 18 7 30 11 30 -1
2020 4 25 7 30 11 30 -1
2020 5 2 7 30 11 30 -1
2020 5 9 7 30 11 30 -1
2020 5 16 7 30 11 30 -1
2020 5 23 7 30 11 30 -1
2020 5 30 7 30 11 30 -1
2020 6 6 7 30 11 30 -1
2020 6 13 7 30 11 30 -1
2020 6 20 7 30 11 30 -1
1

19127082
20010401
Nguyen Tat Truong
2001 4 1
1
-1
-1
-1
-1
2020 4 18 7 30 11 30 -1
2020 4 25 7 30 11 30 -1
2020 5 2 7 30 11 30 -1
2020 5 9 7 30 11 30 -1
2020 5 16 7 30 11 30 -1
2020 5 23 7 30 11 30 -1
2020 5 30 7 30 11 30 -1
2020 6 6 7 30 11 30 -1
2020 6 13 7 30 11 30 -1
2020 6 20 7 30 11 30 -1
1

19127097
20010419
Nguyen Ngoc Phuong Anh
2001 4 19
1
-1
-1
-1
-1
2020 4 18 7 30 11 30 -1
2020 4 25 7 30 11 30 -1
2020 5 2 7 30 11 30 -1
2020 5 9 7 30 11 30 -1
2020 5 16 7 30 11 30 -1
2020 5 23 7 30 11 30 -1
2020 5 30 7 30 11 30 -1
2020 6 6 7 30 11 30 -1
2020 6 13 7 30 11 30 -1
2020 6 20 7 30 11 30 -1
1

19127107
20010122
Nguyen Thu Thao Chau
2001 1 22
1
-1
-1
-1
-1
2020 4 18 7 30 11 30 -1
2020 4 25 7 30 11 30 -1
2020 5 2 7 30 11 30 -1
2020 5 9 7 30 11 30 -1
2020 5 16 7 30 11 30 -1
2020 5 23 7 30 11 30 -1
2020 5 30 7 30 11 30 -1
2020 6 6 7 30 11 30 -1
2020 6 13 7 30 11 30 -1
2020 6 20 7 30 11 30 -1
1

19127109
20011017
Bui Ngoc Chinh
2001 10 17
1
-1
-1
-1
-1
2020 4 18 7 30 11 30 -1
2020 4 25 7 30 11 30 -1
2020 5 2 7 30 11 30 -1
2020 5 9 7 30 11 30 -1
2020 5 16 7 30 11 30 -1
2020 5 23 7 30 11 30 -1
2020 5 30 7 30 11 30 -1
2020 6 6 7 30 11 30 -1
2020 6 13 7 30 11 30 -1
2020 6 20 7 30 11 30 -1
1

